    0.0000          1.5693
    5.0000          6.7446
   10.0000         11.9199
   15.0000         17.0952
   20.0000         22.2688
   25.0000         27.4367
   30.0000         32.6002
   35.0000         37.7594
   40.0000         42.9142
   45.0000         48.0646
   50.0000         53.2106
   55.0000         58.3523
   60.0000         63.4895
   65.0000         68.6225
   70.0000         73.7512
   75.0000         78.8756
   80.0000         83.9956
   85.0000         89.1113
   90.0000         94.2228
   95.0000         99.3300
  100.0000        104.4330
  105.0000        109.5318
  110.0000        114.6263
  115.0000        119.7167
  120.0000        124.8030
  125.0000        129.8852
  130.0000        134.9633
  135.0000        140.0373
  140.0000        145.1073
  145.0000        150.1732
  150.0000        155.2352
  155.0000        160.2933
  160.0000        165.3475
  165.0000        170.3979
  170.0000        175.4444
  175.0000        180.4872
  180.0000        185.5262
  185.0000        190.5614
  190.0000        195.5931
  195.0000        200.6211
  200.0000        205.6456
  205.0000        210.6665
  210.0000        215.6839
  215.0000        220.6979
  220.0000        225.7086
  225.0000        230.7159
  230.0000        235.7200
  235.0000        240.7209
  240.0000        245.7186
  245.0000        250.7133
  250.0000        255.7049
  255.0000        260.6936
  260.0000        265.6794
  265.0000        270.6625
  270.0000        275.6430
  275.0000        280.6219
  280.0000        285.7909
  285.0000        290.9544
  290.0000        296.0587
  295.0000        301.1543
  300.0000        306.3679
  305.0000        311.5817
  310.0000        316.7501
  315.0000        322.0240
  320.0000        327.0888
  325.0000        331.9058
  330.0000        336.6132
  335.0000        341.6273
  340.0000        346.7336
  345.0000        351.8943
  350.0000        357.0338
  355.0000        362.2628
  360.0000        367.4357
  365.0000        372.5035
  370.0000        377.5240
  375.0000        382.6488
  380.0000        387.6788
  385.0000        392.6787
  390.0000        397.5515
  395.0000        402.4355
  400.0000        407.3208
  405.0000        412.1421
  410.0000        417.1695
  415.0000        422.3351
  420.0000        427.2973
  425.0000        432.3746
  430.0000        437.5463
  435.0000        442.6939
  440.0000        448.3935
  445.0000        454.8667
  450.0000        461.3164
  455.0000        467.3005
  460.0000        473.6690
  465.0000        479.9659
  470.0000        485.8828
  475.0000        491.8073
  480.0000        496.9168
  485.0000        502.4533
  490.0000        508.7158
  495.0000        514.7606
  500.0000        521.2961
  505.0000        527.5464
  510.0000        532.9225
  515.0000        538.1974
  520.0000        543.4250
  525.0000        548.5608
  530.0000        553.7289
  535.0000        558.8745
  540.0000        563.9904
  545.0000        569.2132
  550.0000        574.4297
  555.0000        579.6058
  560.0000        584.7880
  565.0000        590.1985
  570.0000        595.6724
  575.0000        600.8460
  580.0000        605.9503
  585.0000        611.2341
  590.0000        617.4673
  595.0000        623.3607
  600.0000        628.9509
  605.0000        634.4163
  610.0000        639.8458
  615.0000        645.1522
  620.0000        650.3259
  625.0000        655.7402
  630.0000        661.1167
  635.0000        666.5533
  640.0000        671.9069
  645.0000        677.5324
  650.0000        683.1723
  655.0000        688.7369
  660.0000        694.1372
  665.0000        699.4899
  670.0000        704.9326
  675.0000        710.3369
  680.0000        715.7010
  685.0000        721.0247
  690.0000        726.3078
  695.0000        731.5513
  700.0000        736.7561
  705.0000        741.9243
  710.0000        747.0576
  715.0000        752.1594
  720.0000        757.2327
  725.0000        762.2819
  730.0000        767.3157
  735.0000        772.1570
  740.0000        777.2246
  745.0000        782.2892
  750.0000        787.4374
  755.0000        792.3779
  760.0000        797.2328
  765.0000        802.2368
  770.0000        807.1028
  775.0000        811.8249
  780.0000        816.6517
  785.0000        821.4706
  790.0000        826.2439
  795.0000        831.0312
  800.0000        835.9064
  805.0000        840.8229
  810.0000        845.7599
  815.0000        850.6462
  820.0000        855.5662
  825.0000        860.5922
  830.0000        865.6591
  835.0000        870.8209
  840.0000        876.0394
  845.0000        881.1747
  850.0000        886.3044
  855.0000        891.5181
  860.0000        896.7371
  865.0000        902.1722
  870.0000        907.5478
  875.0000        912.9082
  880.0000        918.3641
  885.0000        923.7615
  890.0000        929.2050
  895.0000        934.8146
  900.0000        940.3600
  905.0000        945.7040
  910.0000        950.8691
  915.0000        955.9855
  920.0000        961.0647
  925.0000        966.1097
  930.0000        971.1809
  935.0000        976.2264
  940.0000        981.2970
  945.0000        986.4794
  950.0000        991.4511
  955.0000        996.3140
  960.0000       1001.1280
  965.0000       1005.9221
  970.0000       1010.6129
  975.0000       1015.3808
  980.0000       1020.1418
  985.0000       1024.9678
  990.0000       1029.8339
  995.0000       1034.7992
 1000.0000       1039.5905
 1005.0000       1044.2755
 1010.0000       1048.9050
 1015.0000       1053.5675
 1020.0000       1058.4611
 1025.0000       1063.1523
 1030.0000       1067.5273
 1035.0000       1071.8932
 1040.0000       1076.2446
 1045.0000       1080.5338
 1050.0000       1085.0050
 1055.0000       1089.4221
 1060.0000       1093.8378
 1065.0000       1098.1969
 1070.0000       1102.4406
 1075.0000       1106.6917
 1080.0000       1111.2634
 1085.0000       1115.8511
 1090.0000       1120.5273
 1095.0000       1125.1541
 1100.0000       1129.8008
 1105.0000       1134.2377
 1110.0000       1138.8629
 1115.0000       1143.2517
 1120.0000       1147.6932
 1125.0000       1152.0956
 1130.0000       1156.3511
 1135.0000       1160.5359
 1140.0000       1164.7145
 1145.0000       1168.9241
 1150.0000       1173.3168
 1155.0000       1178.1100
 1160.0000       1183.0277
 1165.0000       1187.9961
 1170.0000       1192.9734
 1175.0000       1197.9343
 1180.0000       1202.7209
 1185.0000       1207.4142
 1190.0000       1212.1249
 1195.0000       1216.8076
 1200.0000       1221.5468
 1205.0000       1226.2428
 1210.0000       1230.6787
 1215.0000       1235.1642
 1220.0000       1239.9465
 1225.0000       1244.6127
 1230.0000       1249.3763
 1235.0000       1254.0872
 1240.0000       1258.6816
 1245.0000       1263.1249
 1250.0000       1267.9153
 1255.0000       1272.5305
 1260.0000       1277.3551
 1265.0000       1282.1812
 1270.0000       1287.0017
 1275.0000       1291.6458
 1280.0000       1296.2733
 1285.0000       1300.9282
 1290.0000       1305.3965
 1295.0000       1309.7922
 1300.0000       1314.2418
 1305.0000       1318.9594
 1310.0000       1323.6771
 1315.0000       1328.4979
 1320.0000       1333.3411
 1325.0000       1338.1205
 1330.0000       1342.9670
 1335.0000       1347.8702
 1340.0000       1352.7264
 1345.0000       1357.7721
 1350.0000       1362.6486
 1355.0000       1367.4730
 1360.0000       1372.2939
 1365.0000       1376.9248
 1370.0000       1381.4410
 1375.0000       1386.1155
 1380.0000       1390.9457
 1385.0000       1395.8120
 1390.0000       1400.7174
 1395.0000       1405.6453
 1400.0000       1410.7570
 1405.0000       1416.0060
 1410.0000       1421.2494
 1415.0000       1426.4888
 1420.0000       1431.7351
 1425.0000       1436.9813
 1430.0000       1442.2386
 1435.0000       1447.5239
 1440.0000       1452.8230
 1445.0000       1458.1316
 1450.0000       1463.4398
 1455.0000       1468.7047
 1460.0000       1474.0304
 1465.0000       1479.3660
 1470.0000       1484.6908
 1475.0000       1490.0685
 1480.0000       1495.4463
 1485.0000       1500.8241
 1490.0000       1506.2019
 1495.0000       1511.5797
 1500.0000       1516.9575
 1505.0000       1522.3353
 1510.0000       1527.7131
 1515.0000       1533.0908
 1520.0000       1538.4686
 1525.0000       1543.8464
 1530.0000       1549.2242
 1535.0000       1554.6021
 1540.0000       1559.9799
 1545.0000       1565.3577
 1550.0000       1570.7354
 1555.0000       1576.1132
 1560.0000       1581.4910
 1565.0000       1586.8688
 1570.0000       1592.2466
 1575.0000       1597.6244
 1580.0000       1603.0022
 1585.0000       1608.3799
 1590.0000       1613.7577
 1595.0000       1619.1355
 1600.0000       1624.5133
 1605.0000       1629.8911
 1610.0000       1635.2689
 1615.0000       1640.6467
 1620.0000       1646.0245
 1625.0000       1651.4022
 1630.0000       1656.7800
 1635.0000       1662.1578
 1640.0000       1667.5356
 1645.0000       1672.9135
 1650.0000       1678.2913
 1655.0000       1683.6691
 1660.0000       1689.0468
 1665.0000       1694.4246
 1670.0000       1699.8024
 1675.0000       1705.1802
 1680.0000       1710.5580
 1685.0000       1715.9358
 1690.0000       1721.3136
 1695.0000       1726.6914
 1700.0000       1732.0691
 1705.0000       1737.4469
 1710.0000       1742.8247
 1715.0000       1748.2025
 1720.0000       1753.5803
 1725.0000       1758.9581
 1730.0000       1764.3359
 1735.0000       1769.7136
 1740.0000       1775.0914
 1745.0000       1780.4692
 1750.0000       1785.8470
 1755.0000       1791.2249
 1760.0000       1796.6027
 1765.0000       1801.9805
 1770.0000       1807.3582
 1775.0000       1812.7360
 1780.0000       1818.1138
 1785.0000       1823.4916
 1790.0000       1828.8694
 1795.0000       1834.2472
 1800.0000       1839.6250
 1805.0000       1845.0028
 1810.0000       1850.3805
 1815.0000       1855.7583
 1820.0000       1861.1361
 1825.0000       1866.5139
 1830.0000       1871.8917
 1835.0000       1877.2695
 1840.0000       1882.6473
 1845.0000       1888.0250
 1850.0000       1893.4028
 1855.0000       1898.7806
 1860.0000       1904.1584
 1865.0000       1909.5363
 1870.0000       1914.9141
 1875.0000       1920.2919
 1880.0000       1925.6697
 1885.0000       1931.0474
 1890.0000       1936.4252
 1895.0000       1941.8030
 1900.0000       1947.1808
 1905.0000       1952.5586
 1910.0000       1957.9364
 1915.0000       1963.3142
 1920.0000       1968.6919
 1925.0000       1974.0697
 1930.0000       1979.4475
 1935.0000       1984.8253
 1940.0000       1990.2031
 1945.0000       1995.5809
 1950.0000       2000.9587
 1955.0000       2006.3364
 1960.0000       2011.7142
 1965.0000       2017.0920
 1970.0000       2022.4698
 1975.0000       2027.8477
 1980.0000       2033.2255
 1985.0000       2038.6033
 1990.0000       2043.9811
 1995.0000       2049.3589
 2000.0000       2054.7366
 2005.0000       2060.1145
 2010.0000       2065.4922
 2015.0000       2070.8699
 2020.0000       2076.2478
 2025.0000       2081.6255
 2030.0000       2087.0034
 2035.0000       2092.3811
 2040.0000       2097.7590
 2045.0000       2103.1367
 2050.0000       2108.5144
 2055.0000       2113.8923
 2060.0000       2119.2700
 2065.0000       2124.6479
 2070.0000       2130.0256
 2075.0000       2135.4036
 2080.0000       2140.7812
 2085.0000       2146.1589
 2090.0000       2151.5369
 2095.0000       2156.9146
 2100.0000       2162.2925
 2105.0000       2167.6702
 2110.0000       2173.0481
 2115.0000       2178.4258
 2120.0000       2183.8037
 2125.0000       2189.1814
 2130.0000       2194.5591
 2135.0000       2199.9370
 2140.0000       2205.3147
 2145.0000       2210.6926
 2150.0000       2216.0703
 2155.0000       2221.4482
 2160.0000       2226.8259
 2165.0000       2232.2036
 2170.0000       2237.5815
 2175.0000       2242.9592
 2180.0000       2248.3372
 2185.0000       2253.7148
 2190.0000       2259.0928
 2195.0000       2264.4705
 2200.0000       2269.8481
 2205.0000       2275.2261
 2210.0000       2280.6038
 2215.0000       2285.9817
 2220.0000       2291.3594
 2225.0000       2296.7373
 2230.0000       2302.1150
 2235.0000       2307.4927
 2240.0000       2312.8706
 2245.0000       2318.2483
 2250.0000       2323.6262
 2255.0000       2329.0039
 2260.0000       2334.3818
 2265.0000       2339.7595
 2270.0000       2345.1372
 2275.0000       2350.5151
 2280.0000       2355.8928
 2285.0000       2361.2708
 2290.0000       2366.6484
 2295.0000       2372.0264
 2300.0000       2377.4041
 2305.0000       2382.7820
 2310.0000       2388.1597
 2315.0000       2393.5374
 2320.0000       2398.9153
 2325.0000       2404.2930
 2330.0000       2409.6709
 2335.0000       2415.0486
 2340.0000       2420.4265
 2345.0000       2425.8042
 2350.0000       2431.1819
 2355.0000       2436.5598
 2360.0000       2441.9375
 2365.0000       2447.3154
 2370.0000       2452.6931
 2375.0000       2458.0710
 2380.0000       2463.4487
 2385.0000       2468.8264
 2390.0000       2474.2043
 2395.0000       2479.5820
 2400.0000       2484.9600
 2405.0000       2490.3376
 2410.0000       2495.7156
 2415.0000       2501.0933
 2420.0000       2506.4709
 2425.0000       2511.8489
 2430.0000       2517.2266
 2435.0000       2522.6045
 2440.0000       2527.9822
 2445.0000       2533.3601
 2450.0000       2538.7378
 2455.0000       2544.1155
 2460.0000       2549.4934
 2465.0000       2554.8711
 2470.0000       2560.2490
 2475.0000       2565.6267
 2480.0000       2571.0046
 2485.0000       2576.3823
 2490.0000       2581.7603
 2495.0000       2587.1379
 2500.0000       2592.5156
 2505.0000       2597.8936
 2510.0000       2603.2712
 2515.0000       2608.6492
 2520.0000       2614.0269
 2525.0000       2619.4048
 2530.0000       2624.7825
 2535.0000       2630.1602
 2540.0000       2635.5381
 2545.0000       2640.9158
 2550.0000       2646.2937
 2555.0000       2651.6714
 2560.0000       2657.0493
 2565.0000       2662.4270
 2570.0000       2667.8047
 2575.0000       2673.1826
 2580.0000       2678.5603
 2585.0000       2683.9382
 2590.0000       2689.3159
 2595.0000       2694.6938
 2600.0000       2700.0715
 2605.0000       2705.4492
 2610.0000       2710.8271
 2615.0000       2716.2048
 2620.0000       2721.5828
 2625.0000       2726.9604
 2630.0000       2732.3384
 2635.0000       2737.7161
 2640.0000       2743.0938
 2645.0000       2748.4717
 2650.0000       2753.8494
 2655.0000       2759.2273
 2660.0000       2764.6050
 2665.0000       2769.9829
 2670.0000       2775.3606
 2675.0000       2780.7385
 2680.0000       2786.1162
 2685.0000       2791.4939
 2690.0000       2796.8718
 2695.0000       2802.2495
 2700.0000       2807.6274
 2705.0000       2813.0051
 2710.0000       2818.3831
 2715.0000       2823.7607
 2720.0000       2829.1384
 2725.0000       2834.5164
 2730.0000       2839.8940
 2735.0000       2845.2720
 2740.0000       2850.6497
 2745.0000       2856.0276
 2750.0000       2861.4053
 2755.0000       2866.7830
 2760.0000       2872.1609
 2765.0000       2877.5386
 2770.0000       2882.9165
 2775.0000       2888.2942
 2780.0000       2893.6721
 2785.0000       2899.0498
 2790.0000       2904.4275
 2795.0000       2909.8054
 2800.0000       2915.1831
 2805.0000       2920.5610
 2810.0000       2925.9387
 2815.0000       2931.3167
 2820.0000       2936.6943
 2825.0000       2942.0720
 2830.0000       2947.4500
 2835.0000       2952.8276
 2840.0000       2958.2056
 2845.0000       2963.5833
 2850.0000       2968.9612
 2855.0000       2974.3389
 2860.0000       2979.7168
 2865.0000       2985.0945
 2870.0000       2990.4722
 2875.0000       2995.8501
 2880.0000       3001.2278
 2885.0000       3006.6057
 2890.0000       3011.9834
 2895.0000       3017.3613
 2900.0000       3022.7390
 2905.0000       3028.1167
 2910.0000       3033.4946
 2915.0000       3038.8723
 2920.0000       3044.2502
 2925.0000       3049.6279
 2930.0000       3055.0059
 2935.0000       3060.3835
 2940.0000       3065.7612
 2945.0000       3071.1392
 2950.0000       3076.5168
 2955.0000       3081.8948
 2960.0000       3087.2725
 2965.0000       3092.6504
 2970.0000       3098.0281
 2975.0000       3103.4058
 2980.0000       3108.7837
 2985.0000       3114.1614
 2990.0000       3119.5393
 2995.0000       3124.9170
 3000.0000       3130.2949
 3005.0000       3135.6726
 3010.0000       3141.0503
 3015.0000       3146.4282
 3020.0000       3151.8059
 3025.0000       3157.1838
 3030.0000       3162.5615
 3035.0000       3167.9395
 3040.0000       3173.3171
 3045.0000       3178.6951
 3050.0000       3184.0728
 3055.0000       3189.4504
 3060.0000       3194.8284
 3065.0000       3200.2061
 3070.0000       3205.5840
 3075.0000       3210.9617
 3080.0000       3216.3396
 3085.0000       3221.7173
 3090.0000       3227.0950
 3095.0000       3232.4729
 3100.0000       3237.8506
 3105.0000       3243.2285
 3110.0000       3248.6062
 3115.0000       3253.9841
 3120.0000       3259.3618
