    5.0000         46.1600
   10.0000         51.2390
   15.0000         56.3139
   20.0000         61.3847
   25.0000         66.4514
   30.0000         71.5140
   35.0000         76.5725
   40.0000         81.6269
   45.0000         86.6772
   50.0000         91.7234
   55.0000         96.7654
   60.0000        101.8034
   65.0000        106.8373
   70.0000        111.8671
   75.0000        116.8928
   80.0000        121.9144
   85.0000        126.9319
   90.0000        131.9453
   95.0000        136.9546
  100.0000        141.9598
  105.0000        146.9608
  110.0000        151.9578
  115.0000        156.9507
  120.0000        161.9394
  125.0000        166.9241
  130.0000        171.9046
  135.0000        176.8811
  140.0000        181.8534
  145.0000        186.8217
  150.0000        191.7859
  155.0000        196.7460
  160.0000        201.7021
  165.0000        206.6540
  170.0000        211.6018
  175.0000        216.5455
  180.0000        221.4851
  185.0000        226.4206
  190.0000        231.3520
  195.0000        236.2793
  200.0000        241.2025
  205.0000        246.1216
  210.0000        251.0365
  215.0000        255.9474
  220.0000        260.8542
  225.0000        265.7568
  230.0000        270.6553
  235.0000        275.5498
  240.0000        280.4401
  245.0000        285.3264
  250.0000        290.2085
  255.0000        295.0865
  260.0000        299.9604
  265.0000        304.8302
  270.0000        309.6959
  275.0000        314.5575
  280.0000        319.4152
  285.0000        324.2686
  290.0000        329.1181
  295.0000        333.9633
  300.0000        338.8045
  305.0000        343.6416
  310.0000        348.4746
  315.0000        353.3034
  320.0000        358.1282
  325.0000        362.9489
  330.0000        367.7654
  335.0000        372.5779
  340.0000        377.3862
  345.0000        382.1904
  350.0000        386.9905
  355.0000        391.7866
  360.0000        396.5785
  365.0000        401.3665
  370.0000        406.1539
  375.0000        410.9451
  380.0000        415.7438
  385.0000        420.5529
  390.0000        425.3744
  395.0000        430.2097
  400.0000        435.0591
  405.0000        439.9225
  410.0000        444.7983
  415.0000        449.6845
  420.0000        454.5758
  425.0000        459.4649
  430.0000        464.3468
  435.0000        469.2178
  440.0000        474.0764
  445.0000        478.9224
  450.0000        483.7580
  455.0000        488.5866
  460.0000        493.4145
  465.0000        498.2486
  470.0000        503.0979
  475.0000        508.1355
  480.0000        513.1302
  485.0000        517.9079
  490.0000        522.8738
  495.0000        527.8456
  500.0000        532.7296
  505.0000        537.6256
  510.0000        542.6343
  515.0000        547.7975
  520.0000        552.9611
  525.0000        557.8547
  530.0000        562.6443
  535.0000        567.3788
  540.0000        572.2707
  545.0000        577.3958
  550.0000        582.4882
  555.0000        587.5419
  560.0000        592.5702
  565.0000        597.5919
  570.0000        602.5750
  575.0000        607.4347
  580.0000        612.1652
  585.0000        616.9280
  590.0000        621.6055
  595.0000        626.2064
  600.0000        631.0679
  605.0000        635.7694
  610.0000        640.5082
  615.0000        645.5308
  620.0000        650.5694
  625.0000        655.5598
  630.0000        660.5243
  635.0000        665.4388
  640.0000        670.0458
  645.0000        674.6180
  650.0000        679.1404
  655.0000        683.6398
  660.0000        688.1407
  665.0000        692.6367
  670.0000        697.1391
  675.0000        701.6320
  680.0000        706.1785
  685.0000        710.7062
  690.0000        715.1812
  695.0000        719.6467
  700.0000        724.0939
  705.0000        728.5027
  710.0000        732.9340
  715.0000        737.4808
  720.0000        742.0606
  725.0000        746.4767
  730.0000        750.8491
  735.0000        755.4189
  740.0000        759.8888
  745.0000        764.3024
  750.0000        768.8074
  755.0000        773.4977
  760.0000        777.8980
  765.0000        782.4614
  770.0000        786.9849
  775.0000        791.6675
  780.0000        796.0865
  785.0000        800.5784
  790.0000        805.1741
  795.0000        809.6964
  800.0000        814.1127
  805.0000        818.5654
  810.0000        823.2127
  815.0000        827.6493
  820.0000        832.1170
  825.0000        836.5906
  830.0000        841.0291
  835.0000        845.4479
  840.0000        849.8442
  845.0000        854.2089
  850.0000        858.6185
  855.0000        862.9410
  860.0000        867.2919
  865.0000        871.5728
  870.0000        875.8796
  875.0000        880.2347
  880.0000        884.6063
  885.0000        889.0017
  890.0000        893.3839
  895.0000        898.0389
  900.0000        902.7109
  905.0000        907.0512
  910.0000        911.4532
  915.0000        915.8934
  920.0000        920.2917
  925.0000        924.6463
  930.0000        929.0602
  935.0000        933.6473
  940.0000        938.0244
  945.0000        942.2745
  950.0000        946.8299
  955.0000        951.3541
  960.0000        955.8884
  965.0000        960.3399
  970.0000        964.7277
  975.0000        968.9831
  980.0000        973.3511
  985.0000        977.6838
  990.0000        982.0684
  995.0000        986.4277
 1000.0000        990.7397
 1005.0000        995.0005
 1010.0000        999.3898
 1015.0000       1003.6432
 1020.0000       1007.8883
 1025.0000       1012.1544
 1030.0000       1016.3904
 1035.0000       1020.6524
 1040.0000       1024.8315
 1045.0000       1028.9771
 1050.0000       1033.1176
 1055.0000       1037.2488
 1060.0000       1041.5260
 1065.0000       1045.8418
 1070.0000       1050.1588
 1075.0000       1054.6759
 1080.0000       1059.2689
 1085.0000       1063.8612
 1090.0000       1068.5013
 1095.0000       1073.0450
 1100.0000       1077.6644
 1105.0000       1082.3796
 1110.0000       1087.0553
 1115.0000       1091.7373
 1120.0000       1096.3086
 1125.0000       1100.9480
 1130.0000       1105.6168
 1135.0000       1110.2261
 1140.0000       1114.8898
 1145.0000       1119.5304
 1150.0000       1124.1930
 1155.0000       1128.7802
 1160.0000       1133.5112
 1165.0000       1138.1013
 1170.0000       1142.7430
 1175.0000       1147.5239
 1180.0000       1152.3779
 1185.0000       1157.3414
 1190.0000       1162.3489
 1195.0000       1167.1860
 1200.0000       1172.1595
 1205.0000       1177.2993
 1210.0000       1182.3766
 1215.0000       1187.2821
 1220.0000       1192.2902
 1225.0000       1197.3971
 1230.0000       1202.4580
 1235.0000       1207.4022
 1240.0000       1212.6428
 1245.0000       1217.8160
 1250.0000       1223.1063
 1255.0000       1228.4463
 1260.0000       1233.6848
 1265.0000       1238.7815
 1270.0000       1243.9062
 1275.0000       1248.7073
 1280.0000       1253.8448
 1285.0000       1258.8846
 1290.0000       1263.8806
 1295.0000       1268.9568
 1300.0000       1273.9918
 1305.0000       1278.6500
 1310.0000       1283.4156
 1315.0000       1288.4358
 1320.0000       1293.2428
 1325.0000       1298.0187
 1330.0000       1302.8705
 1335.0000       1307.6034
 1340.0000       1312.2368
 1345.0000       1316.8567
 1350.0000       1321.6216
 1355.0000       1326.4056
 1360.0000       1331.1633
 1365.0000       1336.1921
 1370.0000       1341.3322
 1375.0000       1346.5707
 1380.0000       1351.8833
 1385.0000       1357.2130
 1390.0000       1362.4825
 1395.0000       1367.7246
 1400.0000       1373.0231
 1405.0000       1378.1157
 1410.0000       1383.3776
 1415.0000       1388.7053
 1420.0000       1394.0588
 1425.0000       1399.4800
 1430.0000       1404.8712
 1435.0000       1410.2527
 1440.0000       1415.6547
 1445.0000       1421.0519
 1450.0000       1426.3605
 1455.0000       1431.6588
 1460.0000       1437.0117
 1465.0000       1442.4640
 1470.0000       1447.9041
 1475.0000       1453.3870
 1480.0000       1458.8750
 1485.0000       1464.3002
 1490.0000       1469.7372
 1495.0000       1475.1620
 1500.0000       1480.5990
 1505.0000       1486.0449
 1510.0000       1491.4535
 1515.0000       1496.8242
 1520.0000       1502.1135
 1525.0000       1507.4719
 1530.0000       1512.8718
 1535.0000       1518.3604
 1540.0000       1523.8864
 1545.0000       1529.2603
 1550.0000       1534.7449
 1555.0000       1540.1005
 1560.0000       1545.3842
 1565.0000       1550.7977
 1570.0000       1556.1548
 1575.0000       1561.5851
 1580.0000       1567.2203
 1585.0000       1572.8000
 1590.0000       1578.2035
 1595.0000       1583.7378
 1600.0000       1589.1812
 1605.0000       1594.6584
 1610.0000       1600.2023
 1615.0000       1605.6908
 1620.0000       1611.0221
 1625.0000       1616.3739
 1630.0000       1621.7698
 1635.0000       1627.2474
 1640.0000       1632.7556
 1645.0000       1638.2847
 1650.0000       1643.6016
 1655.0000       1649.0411
 1660.0000       1654.2478
 1665.0000       1659.6401
 1670.0000       1665.1154
 1675.0000       1670.3052
 1680.0000       1675.5157
 1685.0000       1680.7770
 1690.0000       1685.9166
 1695.0000       1690.8776
 1700.0000       1695.9227
 1705.0000       1700.9642
 1710.0000       1705.9706
 1715.0000       1711.0786
 1720.0000       1715.9819
 1725.0000       1721.0570
 1730.0000       1726.4960
 1735.0000       1731.9752
 1740.0000       1737.4241
 1745.0000       1742.8256
 1750.0000       1747.6567
 1755.0000       1752.2557
 1760.0000       1757.2561
 1765.0000       1761.8092
 1770.0000       1766.4255
 1775.0000       1770.9564
 1780.0000       1775.5139
 1785.0000       1780.0732
 1790.0000       1784.6161
 1795.0000       1789.2103
 1800.0000       1793.1385
 1805.0000       1797.1477
 1810.0000       1801.4888
 1815.0000       1805.7891
 1820.0000       1810.2172
 1825.0000       1814.7227
