    5.0000         10.6665
   10.0000         16.0127
   15.0000         21.3598
   20.0000         26.7077
   25.0000         32.0565
   30.0000         37.4061
   35.0000         42.7566
   40.0000         48.1080
   45.0000         53.4602
   50.0000         58.8133
   55.0000         64.1672
   60.0000         69.5220
   65.0000         74.8777
   70.0000         80.2342
   75.0000         85.5916
   80.0000         90.9498
   85.0000         96.3089
   90.0000        101.6688
   95.0000        107.0296
  100.0000        112.3913
  105.0000        117.7538
  110.0000        123.1172
  115.0000        128.4814
  120.0000        133.8465
  125.0000        139.2124
  130.0000        144.5792
  135.0000        149.9469
  140.0000        155.3155
  145.0000        160.6849
  150.0000        166.0551
  155.0000        171.4262
  160.0000        176.7971
  165.0000        182.1656
  170.0000        187.5317
  175.0000        192.8952
  180.0000        198.2563
  185.0000        203.6150
  190.0000        208.9712
  195.0000        214.3250
  200.0000        219.6763
  205.0000        225.0251
  210.0000        230.3715
  215.0000        235.7155
  220.0000        241.0569
  225.0000        246.3959
  230.0000        251.7325
  235.0000        257.0666
  240.0000        262.3982
  245.0000        267.7273
  250.0000        273.0540
  255.0000        278.3782
  260.0000        283.7000
  265.0000        289.0187
  270.0000        294.3326
  275.0000        299.6398
  280.0000        304.9393
  285.0000        310.2299
  290.0000        315.5113
  295.0000        320.7833
  300.0000        326.0462
  305.0000        331.3007
  310.0000        336.4038
  315.0000        341.7392
  320.0000        347.1318
  325.0000        352.4927
  330.0000        357.8242
  335.0000        363.2684
  340.0000        368.7144
  345.0000        373.8518
  350.0000        378.9980
  355.0000        384.1518
  360.0000        389.3002
  365.0000        394.5362
  370.0000        399.7924
  375.0000        405.0877
  380.0000        410.3020
  385.0000        415.4877
  390.0000        420.7270
  395.0000        425.8778
  400.0000        431.1005
  405.0000        436.4914
  410.0000        442.0398
  415.0000        447.2001
  420.0000        452.5736
  425.0000        457.9373
  430.0000        463.2255
  435.0000        468.4672
  440.0000        473.7085
  445.0000        478.8564
  450.0000        484.3554
  455.0000        489.7114
  460.0000        495.0900
  465.0000        500.2679
  470.0000        505.7216
  475.0000        511.0352
  480.0000        516.5426
  485.0000        521.6301
  490.0000        526.7021
  495.0000        531.8866
  500.0000        537.0953
  505.0000        542.3698
  510.0000        547.5249
  515.0000        552.6747
  520.0000        557.7842
  525.0000        562.9212
  530.0000        568.0142
  535.0000        573.4252
  540.0000        578.6849
  545.0000        583.9183
  550.0000        588.8671
  555.0000        593.7744
  560.0000        598.8202
  565.0000        603.7982
  570.0000        608.6711
  575.0000        613.4700
  580.0000        618.1775
  585.0000        622.8458
  590.0000        627.8202
  595.0000        632.6038
  600.0000        637.3532
  605.0000        642.2560
  610.0000        647.0792
  615.0000        651.8849
  620.0000        656.4709
  625.0000        661.4651
  630.0000        666.4500
  635.0000        671.3237
  640.0000        676.0493
  645.0000        680.6368
  650.0000        685.2061
  655.0000        689.7853
  660.0000        694.3665
  665.0000        698.9219
  670.0000        703.4897
  675.0000        708.0532
  680.0000        712.6238
  685.0000        717.1887
  690.0000        721.8574
  695.0000        726.4444
  700.0000        731.0486
  705.0000        735.6151
  710.0000        740.1749
  715.0000        744.6613
  720.0000        749.1736
  725.0000        753.6479
  730.0000        758.1613
  735.0000        762.6664
  740.0000        767.1571
  745.0000        771.6155
  750.0000        776.0690
  755.0000        780.5554
  760.0000        784.9576
  765.0000        789.3706
  770.0000        793.8207
  775.0000        798.2235
  780.0000        802.5985
  785.0000        807.0452
  790.0000        811.5986
  795.0000        816.1315
  800.0000        820.6708
  805.0000        825.4247
  810.0000        829.9084
  815.0000        834.4048
  820.0000        838.8868
  825.0000        843.3252
  830.0000        847.7159
  835.0000        852.0572
  840.0000        856.4194
  845.0000        860.7497
  850.0000        865.0942
  855.0000        869.4719
  860.0000        873.8730
  865.0000        878.2344
  870.0000        882.6484
  875.0000        886.9258
  880.0000        891.1768
  885.0000        895.6766
  890.0000        900.0587
  895.0000        904.4628
  900.0000        908.8795
  905.0000        913.1924
  910.0000        917.4708
  915.0000        921.8040
  920.0000        926.1316
  925.0000        930.4598
  930.0000        934.5590
  935.0000        938.9531
  940.0000        943.3019
  945.0000        947.6578
  950.0000        951.8327
  955.0000        956.0091
  960.0000        960.1924
  965.0000        964.5593
  970.0000        968.8223
  975.0000        973.0490
  980.0000        977.2084
  985.0000        981.2780
  990.0000        985.4131
  995.0000        989.5695
 1000.0000        993.7441
 1005.0000        997.9160
 1010.0000       1002.0303
 1015.0000       1006.0267
 1020.0000       1010.1868
 1025.0000       1014.2138
 1030.0000       1018.2580
 1035.0000       1022.3202
 1040.0000       1026.3611
 1045.0000       1030.4133
 1050.0000       1034.4534
 1055.0000       1038.5160
 1060.0000       1042.5972
 1065.0000       1046.7277
 1070.0000       1050.8821
 1075.0000       1055.1719
 1080.0000       1059.5814
 1085.0000       1063.9196
 1090.0000       1068.2483
 1095.0000       1072.5817
 1100.0000       1077.0072
 1105.0000       1081.4669
 1110.0000       1085.8892
 1115.0000       1090.2629
 1120.0000       1094.7067
 1125.0000       1099.0072
 1130.0000       1103.4073
 1135.0000       1107.7427
 1140.0000       1112.1052
 1145.0000       1116.4570
 1150.0000       1120.6787
 1155.0000       1125.0272
 1160.0000       1129.3153
 1165.0000       1133.6680
 1170.0000       1138.0762
 1175.0000       1142.4486
 1180.0000       1146.8098
 1185.0000       1151.1802
 1190.0000       1155.7155
 1195.0000       1160.2806
 1200.0000       1164.9656
 1205.0000       1169.5800
 1210.0000       1174.2399
 1215.0000       1178.8717
 1220.0000       1183.5253
 1225.0000       1188.4211
 1230.0000       1193.3351
 1235.0000       1198.2729
 1240.0000       1203.2181
 1245.0000       1208.1809
 1250.0000       1213.0654
 1255.0000       1218.0074
 1260.0000       1222.4832
 1265.0000       1227.1768
 1270.0000       1232.0515
 1275.0000       1237.1786
 1280.0000       1242.3342
 1285.0000       1247.2843
 1290.0000       1252.0198
 1295.0000       1256.6278
 1300.0000       1261.3204
 1305.0000       1266.2419
 1310.0000       1271.1407
 1315.0000       1276.0618
 1320.0000       1281.0776
 1325.0000       1286.1624
 1330.0000       1291.1694
 1335.0000       1296.1116
 1340.0000       1300.9355
 1345.0000       1305.9980
 1350.0000       1311.1744
 1355.0000       1316.2648
 1360.0000       1321.3718
 1365.0000       1326.4562
 1370.0000       1331.4630
 1375.0000       1336.3726
 1380.0000       1341.2854
 1385.0000       1346.2212
 1390.0000       1351.2701
 1395.0000       1356.3397
 1400.0000       1361.2681
 1405.0000       1366.0559
 1410.0000       1371.0608
 1415.0000       1376.0164
 1420.0000       1380.9420
 1425.0000       1385.9536
 1430.0000       1390.9906
 1435.0000       1396.0582
 1440.0000       1401.0961
 1445.0000       1406.1495
 1450.0000       1411.2045
 1455.0000       1416.2576
 1460.0000       1421.2755
 1465.0000       1426.2950
 1470.0000       1431.3794
 1475.0000       1436.4559
 1480.0000       1441.4879
 1485.0000       1446.5922
 1490.0000       1451.6495
 1495.0000       1456.7537
 1500.0000       1461.8954
 1505.0000       1466.8859
 1510.0000       1471.8649
 1515.0000       1476.7843
 1520.0000       1481.6709
 1525.0000       1486.7209
 1530.0000       1491.7493
 1535.0000       1496.8367
 1540.0000       1501.9022
 1545.0000       1507.0533
 1550.0000       1512.2366
 1555.0000       1517.3574
 1560.0000       1522.1333
 1565.0000       1526.8502
 1570.0000       1531.5410
 1575.0000       1536.1926
 1580.0000       1540.8074
 1585.0000       1545.4867
 1590.0000       1549.9166
 1595.0000       1553.9139
 1600.0000       1558.4243
 1605.0000       1562.9957
 1610.0000       1567.5083
 1615.0000       1571.9861
 1620.0000       1575.5653
 1625.0000       1578.8036
 1630.0000       1582.0282
 1635.0000       1585.3857
 1640.0000       1588.4880
 1645.0000       1591.4830
 1650.0000       1594.5084
 1655.0000       1597.4985
 1660.0000       1600.6223
 1665.0000       1603.6875
 1670.0000       1606.6664
 1675.0000       1609.4766
 1680.0000       1612.1042
 1685.0000       1614.9067
 1690.0000       1617.7953
 1695.0000       1620.5901
 1700.0000       1623.4506
 1705.0000       1626.4799
 1710.0000       1629.2147
 1715.0000       1631.9434
 1720.0000       1634.6167
 1725.0000       1637.2930
 1730.0000       1640.1104
 1735.0000       1642.7504
 1740.0000       1645.2238
 1745.0000       1647.5978
 1750.0000       1650.1774
 1755.0000       1652.7396
 1760.0000       1655.3767
 1765.0000       1658.0974
 1770.0000       1660.8826
 1775.0000       1663.5319
 1780.0000       1666.0389
 1785.0000       1668.3726
 1790.0000       1670.7776
 1795.0000       1673.2308
 1800.0000       1675.6073
 1805.0000       1677.9990
 1810.0000       1680.3254
 1815.0000       1682.6956
 1820.0000       1684.9426
 1825.0000       1687.2338
 1830.0000       1689.6921
 1835.0000       1692.2566
 1840.0000       1694.8728
 1845.0000       1697.3513
 1850.0000       1699.7131
 1855.0000       1702.2638
 1860.0000       1705.0997
 1865.0000       1708.2694
 1870.0000       1711.1594
 1875.0000       1714.1639
 1880.0000       1717.7467
 1885.0000       1721.9561
 1890.0000       1726.1484
 1895.0000       1730.3038
 1900.0000       1734.5576
 1905.0000       1737.9324
 1910.0000       1740.6771
 1915.0000       1742.8253
 1920.0000       1745.8619
 1925.0000       1748.7498
 1930.0000       1751.2201
 1935.0000       1753.8539
 1940.0000       1756.0306
 1945.0000       1758.1813
 1950.0000       1760.4825
 1955.0000       1762.8105
 1960.0000       1765.1569
 1965.0000       1767.5575
 1970.0000       1770.0751
 1975.0000       1772.5215
 1980.0000       1774.7732
 1985.0000       1777.0278
 1990.0000       1779.2656
 1995.0000       1781.5071
 2000.0000       1783.7975
 2005.0000       1786.0496
 2010.0000       1788.4672
 2015.0000       1790.9216
 2020.0000       1793.1732
 2025.0000       1795.4238
 2030.0000       1797.6719
 2035.0000       1799.9144
 2040.0000       1802.1580
 2045.0000       1804.4233
 2050.0000       1806.8016
 2055.0000       1809.0905
 2060.0000       1811.3521
 2065.0000       1813.6018
 2070.0000       1815.8503
 2075.0000       1818.2900
 2080.0000       1820.6951
 2085.0000       1823.0052
 2090.0000       1825.2537
 2095.0000       1827.5071
 2100.0000       1829.7552
 2105.0000       1832.0055
