    5.0000         25.2428
   10.0000         30.4442
   15.0000         35.6425
   20.0000         40.8377
   25.0000         46.0296
   30.0000         51.2184
   35.0000         56.4040
   40.0000         61.5865
   45.0000         66.7657
   50.0000         71.9418
   55.0000         77.1147
   60.0000         82.2845
   65.0000         87.4510
   70.0000         92.6144
   75.0000         97.7746
   80.0000        102.9317
   85.0000        108.0855
   90.0000        113.2362
   95.0000        118.3837
  100.0000        123.5281
  105.0000        128.6693
  110.0000        133.8073
  115.0000        138.9421
  120.0000        144.0737
  125.0000        149.2022
  130.0000        154.3275
  135.0000        159.4496
  140.0000        164.5686
  145.0000        169.6843
  150.0000        174.7970
  155.0000        179.9064
  160.0000        185.0126
  165.0000        190.1157
  170.0000        195.2156
  175.0000        200.3123
  180.0000        205.4059
  185.0000        210.4963
  190.0000        215.5835
  195.0000        220.6675
  200.0000        225.7484
  205.0000        230.8261
  210.0000        235.9006
  215.0000        240.9719
  220.0000        246.0401
  225.0000        251.1051
  230.0000        256.1669
  235.0000        261.2256
  240.0000        266.2810
  245.0000        271.3333
  250.0000        276.3824
  255.0000        281.4284
  260.0000        286.4711
  265.0000        291.5114
  270.0000        296.5497
  275.0000        301.5863
  280.0000        306.6209
  285.0000        311.6538
  290.0000        316.6848
  295.0000        321.7139
  300.0000        326.7412
  305.0000        331.7670
  310.0000        336.7916
  315.0000        341.8151
  320.0000        346.8375
  325.0000        351.8587
  330.0000        356.8788
  335.0000        361.8977
  340.0000        366.9156
  345.0000        371.9322
  350.0000        376.9477
  355.0000        381.9621
  360.0000        386.9753
  365.0000        391.9875
  370.0000        396.9984
  375.0000        402.0083
  380.0000        407.0169
  385.0000        412.0245
  390.0000        417.0309
  395.0000        422.0363
  400.0000        427.0404
  405.0000        432.0435
  410.0000        437.0454
  415.0000        442.0462
  420.0000        447.0454
  425.0000        452.0414
  430.0000        457.0324
  435.0000        462.0168
  440.0000        466.9933
  445.0000        471.9619
  450.0000        476.9272
  455.0000        481.8892
  460.0000        486.8475
  465.0000        491.8016
  470.0000        496.7513
  475.0000        501.6969
  480.0000        506.6386
  485.0000        511.5770
  490.0000        516.5127
  495.0000        521.4467
  500.0000        526.3798
  505.0000        531.3124
  510.0000        536.2455
  515.0000        541.1799
  520.0000        546.1157
  525.0000        551.0536
  530.0000        555.9941
  535.0000        560.9374
  540.0000        565.8842
  545.0000        570.8342
  550.0000        575.7880
  555.0000        580.7468
  560.0000        585.7113
  565.0000        590.7104
  570.0000        595.9333
  575.0000        601.1693
  580.0000        606.3431
  585.0000        611.4926
  590.0000        616.6161
  595.0000        621.7064
  600.0000        626.8568
  605.0000        632.0630
  610.0000        637.2823
  615.0000        642.4448
  620.0000        647.6932
  625.0000        652.8746
  630.0000        658.0916
  635.0000        663.3705
  640.0000        668.6538
  645.0000        674.1414
  650.0000        679.6878
  655.0000        685.2593
  660.0000        690.9334
  665.0000        696.5659
  670.0000        702.2085
  675.0000        707.8386
  680.0000        713.4758
  685.0000        719.1104
  690.0000        724.7185
  695.0000        730.2487
  700.0000        735.7154
  705.0000        741.0880
  710.0000        746.4183
  715.0000        751.6700
  720.0000        756.9517
  725.0000        762.2713
  730.0000        767.5782
  735.0000        772.8658
  740.0000        778.2236
  745.0000        783.6905
  750.0000        789.4499
  755.0000        795.2040
  760.0000        800.6381
  765.0000        805.9484
  770.0000        811.3727
  775.0000        816.7535
  780.0000        822.1291
  785.0000        827.5585
  790.0000        832.9770
  795.0000        838.3873
  800.0000        843.8524
  805.0000        849.2927
  810.0000        854.7690
  815.0000        860.2786
  820.0000        865.8142
  825.0000        871.3110
  830.0000        876.7202
  835.0000        882.1139
  840.0000        887.5025
  845.0000        892.8827
  850.0000        898.2939
  855.0000        903.7853
  860.0000        909.1961
  865.0000        914.6075
  870.0000        919.9157
  875.0000        925.2026
  880.0000        930.5076
  885.0000        935.8939
  890.0000        941.2042
  895.0000        946.5291
  900.0000        951.7538
  905.0000        956.9619
  910.0000        962.0514
  915.0000        967.1750
  920.0000        972.3144
  925.0000        977.4146
  930.0000        982.4619
  935.0000        987.4675
  940.0000        992.4724
  945.0000        997.4435
  950.0000       1002.3759
  955.0000       1007.3403
  960.0000       1012.2938
  965.0000       1017.2623
  970.0000       1022.2275
  975.0000       1027.1571
  980.0000       1032.0697
  985.0000       1036.9854
  990.0000       1041.8489
  995.0000       1046.6824
 1000.0000       1051.4667
 1005.0000       1056.3506
 1010.0000       1061.1528
 1015.0000       1065.8005
 1020.0000       1070.4341
 1025.0000       1075.0521
 1030.0000       1079.6493
 1035.0000       1084.3124
 1040.0000       1088.9910
 1045.0000       1093.5969
 1050.0000       1098.1688
 1055.0000       1102.5968
 1060.0000       1107.2008
 1065.0000       1111.9224
 1070.0000       1116.6273
 1075.0000       1121.3224
 1080.0000       1125.9780
 1085.0000       1130.4946
 1090.0000       1134.9525
 1095.0000       1139.2948
 1100.0000       1143.6068
 1105.0000       1147.8590
 1110.0000       1152.0858
 1115.0000       1156.3015
 1120.0000       1160.5557
 1125.0000       1164.7893
 1130.0000       1169.0151
 1135.0000       1173.4308
 1140.0000       1177.9753
 1145.0000       1182.5369
 1150.0000       1187.0437
 1155.0000       1191.4441
 1160.0000       1195.8179
 1165.0000       1200.0990
 1170.0000       1204.4509
 1175.0000       1208.7150
 1180.0000       1213.0391
 1185.0000       1217.2042
 1190.0000       1221.5574
 1195.0000       1225.9548
 1200.0000       1230.5211
 1205.0000       1235.1975
 1210.0000       1239.8759
 1215.0000       1244.4529
 1220.0000       1249.1448
 1225.0000       1253.7888
 1230.0000       1258.4906
 1235.0000       1263.2007
 1240.0000       1268.0404
 1245.0000       1272.7784
 1250.0000       1277.6034
 1255.0000       1282.4568
 1260.0000       1287.0986
 1265.0000       1291.5509
 1270.0000       1296.0042
 1275.0000       1300.7234
 1280.0000       1305.4319
 1285.0000       1310.2263
 1290.0000       1315.0233
 1295.0000       1319.8217
 1300.0000       1324.5554
 1305.0000       1329.2490
 1310.0000       1333.9424
 1315.0000       1338.5336
 1320.0000       1343.3225
 1325.0000       1348.0450
 1330.0000       1352.8397
 1335.0000       1357.5455
 1340.0000       1362.2977
 1345.0000       1367.1852
 1350.0000       1372.0345
 1355.0000       1376.9767
 1360.0000       1381.8427
 1365.0000       1386.7792
 1370.0000       1391.4001
 1375.0000       1395.9320
 1380.0000       1400.4574
 1385.0000       1405.0793
 1390.0000       1409.4491
 1395.0000       1413.9301
 1400.0000       1418.4255
 1405.0000       1422.9816
 1410.0000       1427.5436
 1415.0000       1432.3197
 1420.0000       1437.1516
 1425.0000       1442.0002
 1430.0000       1446.8427
 1435.0000       1451.7699
 1440.0000       1456.6714
 1445.0000       1461.5703
 1450.0000       1466.5566
 1455.0000       1471.6053
 1460.0000       1476.5674
 1465.0000       1481.5560
 1470.0000       1486.4709
 1475.0000       1491.3856
 1480.0000       1496.2455
 1485.0000       1500.9717
 1490.0000       1505.7260
 1495.0000       1510.5081
 1500.0000       1515.2151
 1505.0000       1520.0339
 1510.0000       1524.7113
 1515.0000       1529.5240
 1520.0000       1534.4321
 1525.0000       1539.3430
 1530.0000       1544.2153
 1535.0000       1548.9869
 1540.0000       1553.7786
 1545.0000       1558.7535
 1550.0000       1563.6654
 1555.0000       1568.5916
 1560.0000       1573.3680
 1565.0000       1578.1492
 1570.0000       1582.8960
 1575.0000       1587.6500
 1580.0000       1592.3597
 1585.0000       1596.8326
 1590.0000       1600.3737
 1595.0000       1603.0103
 1600.0000       1605.6104
 1605.0000       1608.4037
 1610.0000       1610.9803
 1615.0000       1613.6116
 1620.0000       1616.8929
 1625.0000       1620.5444
 1630.0000       1624.1216
 1635.0000       1627.8804
 1640.0000       1631.7360
 1645.0000       1635.5459
 1650.0000       1639.4854
 1655.0000       1643.3633
 1660.0000       1647.1638
 1665.0000       1651.0076
 1670.0000       1655.0463
